1-1
start = [16, 22, 0, 2, 4, 6, 24, 26, 24, 4, 8, 28, 5, 9, 8, 10, 14, 12, 12, 16, 28, 18, 30, 20, 30, 32, 31, 33]
end = 34

ends:[32, 34]
y_add:[0, 0, 0, 0, 0, 0, 0, 0, 1, 1, 1, 1, 1, 1, 0, 0, 0, 0, 1, 1, 0, 0, 0, 0, 1, 1, 1, 1]
y_mul:[1, 1, 1, 1, 1, 1, 1, 1, 0, 0, 0, 0, 0, 0, 1, 1, 1, 1, 0, 0, 1, 1, 1, 1, 0, 0, 0, 0]
----------
==========
Finished in 110msec


1-2
start = [14, 14, 0, 0, 2, 2, 8, 8, 16, 2, 4, 10, 3, 5, 4, 6, 4, 6, 8, 9, 10, 10, 12, 12, 12, 14, 17, 15]
end = 18

ends:[18, 16]
y_add:[0, 0, 0, 0, 0, 0, 0, 0, 1, 1, 1, 1, 1, 1, 0, 0, 0, 0, 1, 1, 0, 0, 0, 0, 1, 1, 1, 1]
y_mul:[1, 2, 1, 2, 1, 2, 1, 2, 0, 0, 0, 0, 0, 0, 1, 1, 2, 2, 0, 0, 1, 2, 1, 2, 0, 0, 0, 0]
----------
==========
Finished in 92msec

1-3
start = [2, 2, 0, 0, 0, 2, 4, 6, 6, 2, 4, 10, 3, 5, 4, 6, 4, 6, 8, 9, 9, 10, 11, 10, 12, 13, 14, 15]
end = 16

ends:[15, 16]
y_add:[0, 0, 0, 0, 0, 0, 0, 0, 1, 1, 1, 1, 1, 1, 0, 0, 0, 0, 1, 1, 0, 0, 0, 0, 1, 1, 1, 1]
y_mul:[1, 2, 1, 2, 3, 3, 1, 1, 0, 0, 0, 0, 0, 0, 2, 2, 3, 3, 0, 0, 1, 2, 1, 3, 0, 0, 0, 0]
----------
==========
Finished in 81msec

2-2
start = [8, 8, 0, 0, 2, 2, 14, 14, 10, 2, 4, 16, 3, 5, 4, 6, 4, 6, 8, 8, 10, 10, 12, 12, 12, 14, 13, 17]
end = 18

ends:[14, 18]
y_add:[0, 0, 0, 0, 0, 0, 0, 0, 1, 1, 1, 1, 1, 1, 0, 0, 0, 0, 1, 2, 0, 0, 0, 0, 1, 1, 1, 1]
y_mul:[1, 2, 1, 2, 1, 2, 1, 2, 0, 0, 0, 0, 0, 0, 1, 1, 2, 2, 0, 0, 1, 2, 1, 2, 0, 0, 0, 0]
----------
==========
Finished in 1s 733msec

2-3
start = [4, 6, 0, 0, 0, 2, 2, 2, 9, 2, 4, 4, 3, 5, 4, 6, 4, 6, 8, 8, 9, 9, 9, 11, 11, 13, 12, 14]
end = 15

ends:[13, 15]
y_add:[0, 0, 0, 0, 0, 0, 0, 0, 1, 1, 1, 2, 1, 1, 0, 0, 0, 0, 1, 2, 0, 0, 0, 0, 1, 1, 1, 1]
y_mul:[1, 1, 1, 2, 3, 1, 2, 3, 0, 0, 0, 0, 0, 0, 2, 2, 3, 3, 0, 0, 1, 2, 3, 1, 0, 0, 0, 0]
----------
==========
Finished in 87msec

2-4
start = [2, 2, 0, 0, 0, 0, 2, 2, 4, 2, 2, 4, 3, 3, 4, 4, 4, 4, 6, 6, 7, 7, 7, 7, 9, 9, 10, 10]
end = 11

ends:[11, 11]
y_add:[0, 0, 0, 0, 0, 0, 0, 0, 1, 1, 2, 2, 1, 2, 0, 0, 0, 0, 1, 2, 0, 0, 0, 0, 1, 2, 1, 2]
y_mul:[1, 2, 1, 2, 3, 4, 3, 4, 0, 0, 0, 0, 0, 0, 1, 2, 3, 4, 0, 0, 1, 2, 3, 4, 0, 0, 0, 0]
----------
==========
Finished in 83msec
